engine_id,timestamp,oph,pist_m,issue_type,bmep,ng_imp,past_dmg,resting_analysis_results,rpm_max,full_load_issues,number_up,number_tc,op_set_1,op_set_2,op_set_3,breakdown
ENG001,2021-02-14,5120,2,1,14.8,210,0,0,1485,0,1,1,0.81,0.76,0.88,0
ENG001,2021-06-22,8450,1,2,17.2,260,1,1,1530,1,3,2,0.84,0.79,0.91,1
ENG001,2022-01-09,3920,3,1,13.1,150,0,0,1440,0,0,1,0.74,0.78,0.82,0
ENG001,2022-08-17,10210,2,4,18.4,320,1,2,1585,1,4,2,0.89,0.83,0.94,1
ENG001,2023-03-11,7210,1,3,12.7,140,0,1,1425,0,2,1,0.72,0.75,0.8,0
ENG001,2023-11-28,11890,2,2,19.1,360,1,2,1610,1,5,2,0.91,0.86,0.96,1
ENG001,2024-04-19,2680,3,1,11.8,120,0,0,1385,0,0,1,0.68,0.71,0.76,0
ENG001,2024-07-03,13450,1,4,19.3,390,1,2,1625,1,6,2,0.93,0.87,0.97,1
ENG001,2024-09-15,9050,2,2,17.0,275,1,1,1505,1,3,2,0.83,0.78,0.89,1
ENG001,2024-12-06,4820,3,3,12.6,145,0,0,1405,0,1,1,0.73,0.77,0.81,0
ENG002,2021-01-18,10980,1,2,18.0,330,1,2,1590,1,4,2,0.89,0.84,0.94,1
ENG002,2021-05-27,5400,2,1,14.2,175,0,1,1475,0,2,1,0.77,0.8,0.85,0
ENG002,2021-12-03,7800,3,4,16.3,255,1,1,1495,1,3,2,0.82,0.76,0.88,1
ENG002,2022-04-14,3150,1,1,13.3,135,0,0,1420,0,0,1,0.71,0.74,0.79,0
ENG002,2022-10-29,12840,2,2,19.0,380,1,2,1615,1,6,2,0.92,0.87,0.97,1
ENG002,2023-02-21,6550,3,3,13.0,150,0,1,1445,0,2,1,0.74,0.78,0.82,0
ENG002,2023-06-30,9950,1,4,17.6,305,1,2,1575,1,4,2,0.87,0.82,0.93,1
ENG002,2023-09-12,4550,2,1,13.7,165,0,0,1455,0,1,1,0.75,0.79,0.84,0
ENG002,2024-03-08,8750,3,2,16.8,270,1,1,1515,1,3,2,0.82,0.78,0.9,1
ENG002,2024-08-19,2890,1,3,12.2,130,0,0,1395,0,0,1,0.7,0.72,0.77,0
ENG003,2021-03-05,11850,2,2,18.9,365,1,2,1605,1,5,2,0.91,0.86,0.96,1
ENG003,2021-07-16,5250,1,1,14.0,170,0,1,1470,0,2,1,0.77,0.8,0.84,0
ENG003,2022-02-10,7650,3,4,16.4,260,1,1,1500,1,3,2,0.82,0.76,0.89,1
ENG003,2022-06-28,3300,2,1,13.4,140,0,0,1425,0,0,1,0.71,0.75,0.8,0
ENG003,2022-11-09,13020,1,2,19.2,390,1,2,1620,1,6,2,0.92,0.87,0.97,1
ENG003,2023-01-25,6620,2,3,13.1,155,0,1,1440,0,2,1,0.74,0.78,0.82,0
ENG003,2023-05-14,10150,3,4,17.7,315,1,2,1585,1,4,2,0.88,0.83,0.94,1
ENG003,2023-08-23,4750,1,1,13.8,165,0,0,1450,0,1,1,0.75,0.79,0.84,0
ENG003,2024-02-17,8920,2,2,17.1,280,1,1,1520,1,3,2,0.83,0.79,0.9,1
ENG003,2024-10-04,3020,3,3,12.3,135,0,0,1400,0,0,1,0.7,0.73,0.78,0
ENG004,2021-04-11,12010,1,2,19.0,370,1,2,1600,1,5,2,0.91,0.86,0.96,1
ENG004,2021-09-03,5520,2,1,14.3,175,0,1,1480,0,2,1,0.78,0.81,0.85,0
ENG004,2022-01-19,8020,3,4,16.6,265,1,1,1505,1,3,2,0.82,0.76,0.89,1
ENG004,2022-07-08,3450,1,1,13.5,145,0,0,1420,0,0,1,0.72,0.75,0.8,0
ENG004,2022-12-14,13110,2,2,19.3,395,1,2,1625,1,6,2,0.92,0.88,0.97,1
ENG004,2023-03-29,6700,3,3,13.2,160,0,1,1445,0,2,1,0.74,0.78,0.82,0
ENG004,2023-07-19,10220,1,4,17.8,320,1,2,1580,1,4,2,0.88,0.83,0.94,1
ENG004,2023-10-27,4900,2,1,13.9,170,0,0,1460,0,1,1,0.76,0.79,0.84,0
ENG004,2024-05-06,9050,3,2,17.0,275,1,1,1510,1,3,2,0.83,0.78,0.9,1
ENG004,2024-11-22,3100,1,3,12.4,135,0,0,1395,0,0,1,0.7,0.72,0.77,0
ENG005,2021-02-22,11780,2,2,18.7,355,1,2,1600,1,5,2,0.9,0.85,0.95,1
ENG005,2021-07-04,5380,3,1,14.1,175,0,1,1480,0,2,1,0.78,0.81,0.85,0
ENG005,2022-01-15,7820,1,4,16.5,260,1,1,1500,1,3,2,0.82,0.76,0.89,1
ENG005,2022-05-29,3250,2,1,13.3,135,0,0,1420,0,0,1,0.71,0.74,0.79,0
ENG005,2022-11-18,12940,3,2,19.1,385,1,2,1620,1,6,2,0.92,0.88,0.97,1
ENG005,2023-03-07,6600,1,3,13.0,150,0,1,1440,0,2,1,0.74,0.78,0.82,0
ENG005,2023-08-12,10080,2,4,17.6,310,1,2,1580,1,4,2,0.88,0.83,0.94,1
ENG005,2024-01-23,4700,3,1,13.8,165,0,0,1450,0,1,1,0.75,0.79,0.84,0
ENG005,2024-06-14,8900,1,2,17.1,280,1,1,1520,1,3,2,0.83,0.79,0.9,1
ENG005,2024-10-27,2980,2,3,12.3,135,0,0,1400,0,0,1,0.7,0.73,0.78,0
ENG006,2021-03-11,11920,3,2,18.9,365,1,2,1605,1,5,2,0.91,0.86,0.96,1
ENG006,2021-08-09,5480,1,1,14.2,170,0,1,1470,0,2,1,0.77,0.8,0.84,0
ENG006,2022-02-18,7920,2,4,16.5,260,1,1,1500,1,3,2,0.82,0.76,0.89,1
ENG006,2022-06-30,3380,3,1,13.4,140,0,0,1425,0,0,1,0.71,0.75,0.8,0
ENG006,2022-12-21,13080,1,2,19.2,390,1,2,1620,1,6,2,0.92,0.87,0.97,1
ENG006,2023-04-02,6680,2,3,13.1,155,0,1,1440,0,2,1,0.74,0.78,0.82,0
ENG006,2023-07-25,10120,3,4,17.7,315,1,2,1585,1,4,2,0.88,0.83,0.94,1
ENG006,2023-11-03,4850,1,1,13.8,165,0,0,1450,0,1,1,0.75,0.79,0.84,0
ENG006,2024-03-19,8970,2,2,17.1,280,1,1,1520,1,3,2,0.83,0.79,0.9,1
ENG006,2024-09-08,3050,3,3,12.3,135,0,0,1400,0,0,1,0.7,0.73,0.78,0
ENG007,2021-01-27,11860,1,2,18.8,360,1,2,1600,1,5,2,0.9,0.85,0.95,1
ENG007,2021-06-15,5330,2,1,14.1,175,0,1,1480,0,2,1,0.78,0.81,0.85,0
ENG007,2021-12-22,7850,3,4,16.4,260,1,1,1500,1,3,2,0.82,0.76,0.89,1
ENG007,2022-05-03,3220,1,1,13.3,135,0,0,1420,0,0,1,0.71,0.74,0.79,0
ENG007,2022-10-11,12980,2,2,19.1,385,1,2,1620,1,6,2,0.92,0.88,0.97,1
ENG007,2023-02-14,6580,3,3,13.0,150,0,1,1440,0,2,1,0.74,0.78,0.82,0
ENG007,2023-06-26,10040,1,4,17.6,310,1,2,1580,1,4,2,0.88,0.83,0.94,1
ENG007,2023-09-30,4800,2,1,13.8,165,0,0,1450,0,1,1,0.75,0.79,0.84,0
ENG007,2024-02-28,8880,3,2,17.0,275,1,1,1510,1,3,2,0.83,0.78,0.9,1
ENG007,2024-08-21,2940,1,3,12.2,130,0,0,1395,0,0,1,0.7,0.72,0.77,0
ENG008,2021-04-19,12050,2,2,19.0,370,1,2,1600,1,5,2,0.91,0.86,0.96,1
ENG008,2021-09-12,5560,1,1,14.3,175,0,1,1480,0,2,1,0.78,0.81,0.85,0
ENG008,2022-01-28,8040,3,4,16.6,265,1,1,1505,1,3,2,0.82,0.76,0.89,1
ENG008,2022-07-17,3490,2,1,13.5,145,0,0,1420,0,0,1,0.72,0.75,0.8,0
ENG008,2022-12-27,13140,1,2,19.3,395,1,2,1625,1,6,2,0.92,0.88,0.97,1
ENG008,2023-03-31,6730,2,3,13.2,160,0,1,1445,0,2,1,0.74,0.78,0.82,0
ENG008,2023-07-22,10260,3,4,17.8,320,1,2,1580,1,4,2,0.88,0.83,0.94,1
ENG008,2023-11-10,4930,1,1,13.9,170,0,0,1460,0,1,1,0.76,0.79,0.84,0
ENG008,2024-04-04,9080,2,2,17.0,275,1,1,1510,1,3,2,0.83,0.78,0.9,1
ENG008,2024-11-16,3140,3,3,12.4,135,0,0,1395,0,0,1,0.7,0.72,0.77,0
ENG009,2021-02-08,12110,1,2,19.1,375,1,2,1605,1,5,2,0.91,0.86,0.96,1
ENG009,2021-06-19,5590,2,1,14.3,180,0,1,1485,0,2,1,0.78,0.81,0.85,0
ENG009,2021-12-01,8080,3,4,16.7,270,1,1,1505,1,3,2,0.82,0.76,0.89,1
ENG009,2022-04-09,3520,1,1,13.5,145,0,0,1425,0,0,1,0.72,0.75,0.8,0
ENG009,2022-10-22,13200,2,2,19.3,395,1,2,1625,1,6,2,0.92,0.88,0.97,1
ENG009,2023-02-12,6750,3,3,13.2,160,0,1,1445,0,2,1,0.74,0.78,0.82,0
ENG009,2023-06-24,10310,1,4,17.8,320,1,2,1585,1,4,2,0.88,0.83,0.94,1
ENG009,2023-09-18,5010,2,1,13.9,170,0,0,1460,0,1,1,0.76,0.79,0.84,0
ENG009,2024-03-03,9150,3,2,17.1,280,1,1,1520,1,3,2,0.83,0.79,0.9,1
ENG009,2024-08-27,3190,1,3,12.4,135,0,0,1395,0,0,1,0.7,0.72,0.77,0
ENG010,2021-01-14,11890,2,2,18.8,360,1,2,1600,1,5,2,0.9,0.85,0.95,1
ENG010,2021-05-30,5420,3,1,14.1,175,0,1,1480,0,2,1,0.78,0.81,0.85,0
ENG010,2021-11-11,7840,1,4,16.4,260,1,1,1500,1,3,2,0.82,0.76,0.89,1
ENG010,2022-03-22,3290,2,1,13.3,135,0,0,1420,0,0,1,0.71,0.74,0.79,0
ENG010,2022-09-07,12960,3,2,19.1,385,1,2,1620,1,6,2,0.92,0.88,0.97,1
ENG010,2023-01-29,6610,1,3,13.0,150,0,1,1440,0,2,1,0.74,0.78,0.82,0
ENG010,2023-06-10,10090,2,4,17.6,310,1,2,1580,1,4,2,0.88,0.83,0.94,1
ENG010,2023-10-01,4780,3,1,13.8,165,0,0,1450,0,1,1,0.75,0.79,0.84,0
ENG010,2024-02-14,8860,1,2,17.0,275,1,1,1510,1,3,2,0.83,0.78,0.9,1
ENG010,2024-07-29,2920,2,3,12.2,130,0,0,1395,0,0,1,0.7,0.72,0.77,0
ENG011,2021-03-03,12080,1,2,19.0,370,1,2,1600,1,5,2,0.91,0.86,0.96,1
ENG011,2021-08-14,5510,2,1,14.3,175,0,1,1480,0,2,1,0.78,0.81,0.85,0
ENG011,2022-01-05,8030,3,4,16.6,265,1,1,1505,1,3,2,0.82,0.76,0.89,1
ENG011,2022-06-16,3460,1,1,13.5,145,0,0,1420,0,0,1,0.72,0.75,0.8,0
ENG011,2022-12-09,13120,2,2,19.3,395,1,2,1625,1,6,2,0.92,0.88,0.97,1
ENG011,2023-03-18,6690,3,3,13.2,160,0,1,1445,0,2,1,0.74,0.78,0.82,0
ENG011,2023-07-09,10240,1,4,17.8,320,1,2,1580,1,4,2,0.88,0.83,0.94,1
ENG011,2023-10-30,4890,2,1,13.9,170,0,0,1460,0,1,1,0.76,0.79,0.84,0
ENG011,2024-04-12,9070,3,2,17.0,275,1,1,1510,1,3,2,0.83,0.78,0.9,1
ENG011,2024-11-03,3120,1,3,12.4,135,0,0,1395,0,0,1,0.7,0.72,0.77,0
ENG012,2021-02-25,11970,2,2,18.9,365,1,2,1605,1,5,2,0.91,0.86,0.96,1
ENG012,2021-07-08,5470,1,1,14.2,170,0,1,1470,0,2,1,0.77,0.8,0.84,0
ENG012,2022-01-27,7910,3,4,16.5,260,1,1,1500,1,3,2,0.82,0.76,0.89,1
ENG012,2022-05-30,3370,2,1,13.4,140,0,0,1425,0,0,1,0.71,0.75,0.8,0
ENG012,2022-11-14,13070,1,2,19.2,390,1,2,1620,1,6,2,0.92,0.87,0.97,1
ENG012,2023-03-02,6670,2,3,13.1,155,0,1,1440,0,2,1,0.74,0.78,0.82,0
ENG012,2023-06-21,10110,3,4,17.7,315,1,2,1585,1,4,2,0.88,0.83,0.94,1
ENG012,2023-09-27,4860,1,1,13.8,165,0,0,1450,0,1,1,0.75,0.79,0.84,0
ENG012,2024-02-09,8940,2,2,17.1,280,1,1,1520,1,3,2,0.83,0.79,0.9,1
ENG012,2024-08-03,3030,3,3,12.3,135,0,0,1400,0,0,1,0.7,0.73,0.78,0
ENG013,2021-01-22,11840,2,2,18.8,360,1,2,1600,1,5,2,0.9,0.85,0.95,1
ENG013,2021-06-03,5390,3,1,14.1,175,0,1,1480,0,2,1,0.78,0.81,0.85,0
ENG013,2021-11-27,7830,1,4,16.4,260,1,1,1500,1,3,2,0.82,0.76,0.89,1
ENG013,2022-04-08,3240,2,1,13.3,135,0,0,1420,0,0,1,0.71,0.74,0.79,0
ENG013,2022-10-19,12920,3,2,19.1,385,1,2,1620,1,6,2,0.92,0.88,0.97,1
ENG013,2023-02-05,6570,1,3,13.0,150,0,1,1440,0,2,1,0.74,0.78,0.82,0
ENG013,2023-06-18,10060,2,4,17.6,310,1,2,1580,1,4,2,0.88,0.83,0.94,1
ENG013,2023-09-25,4790,3,1,13.8,165,0,0,1450,0,1,1,0.75,0.79,0.84,0
ENG013,2024-03-01,8870,1,2,17.0,275,1,1,1510,1,3,2,0.83,0.78,0.9,1
ENG013,2024-08-14,2930,2,3,12.2,130,0,0,1395,0,0,1,0.7,0.72,0.77,0
ENG014,2021-03-14,12030,1,2,19.0,370,1,2,1600,1,5,2,0.91,0.86,0.96,1
ENG014,2021-08-01,5500,2,1,14.3,175,0,1,1480,0,2,1,0.78,0.81,0.85,0
ENG014,2022-01-11,8010,3,4,16.6,265,1,1,1505,1,3,2,0.82,0.76,0.89,1
ENG014,2022-06-23,3440,1,1,13.5,145,0,0,1420,0,0,1,0.72,0.75,0.8,0
ENG014,2022-12-05,13100,2,2,19.3,395,1,2,1625,1,6,2,0.92,0.88,0.97,1
ENG014,2023-03-15,6680,3,3,13.2,160,0,1,1445,0,2,1,0.74,0.78,0.82,0
ENG014,2023-07-06,10210,1,4,17.8,320,1,2,1580,1,4,2,0.88,0.83,0.94,1
ENG014,2023-10-18,4870,2,1,13.9,170,0,0,1460,0,1,1,0.76,0.79,0.84,0
ENG014,2024-04-09,9060,3,2,17.0,275,1,1,1510,1,3,2,0.83,0.78,0.9,1
ENG014,2024-11-01,3110,1,3,12.4,135,0,0,1395,0,0,1,0.7,0.72,0.77,0
ENG015,2021-02-17,11910,2,2,18.9,365,1,2,1605,1,5,2,0.91,0.86,0.96,1
ENG015,2021-07-02,5460,1,1,14.2,170,0,1,1470,0,2,1,0.77,0.8,0.84,0
ENG015,2022-01-24,7900,3,4,16.5,260,1,1,1500,1,3,2,0.82,0.76,0.89,1
ENG015,2022-05-27,3360,2,1,13.4,140,0,0,1425,0,0,1,0.71,0.75,0.8,0
ENG015,2022-11-20,13060,1,2,19.2,390,1,2,1620,1,6,2,0.92,0.87,0.97,1
ENG015,2023-03-04,6660,2,3,13.1,155,0,1,1440,0,2,1,0.74,0.78,0.82,0
ENG015,2023-06-16,10080,3,4,17.7,315,1,2,1585,1,4,2,0.88,0.83,0.94,1
ENG015,2023-09-29,4840,1,1,13.8,165,0,0,1450,0,1,1,0.75,0.79,0.84,0
ENG015,2024-02-26,8930,2,2,17.1,280,1,1,1520,1,3,2,0.83,0.79,0.9,1
ENG015,2024-08-10,3010,3,3,12.3,135,0,0,1400,0,0,1,0.7,0.73,0.78,0
ENG016,2021-01-29,11820,1,2,18.8,360,1,2,1600,1,5,2,0.9,0.85,0.95,1
ENG016,2021-06-11,5370,2,1,14.1,175,0,1,1480,0,2,1,0.78,0.81,0.85,0
ENG016,2021-12-19,7810,3,4,16.4,260,1,1,1500,1,3,2,0.82,0.76,0.89,1
ENG016,2022-04-26,3230,1,1,13.3,135,0,0,1420,0,0,1,0.71,0.74,0.79,0
ENG016,2022-10-15,12900,2,2,19.1,385,1,2,1620,1,6,2,0.92,0.88,0.97,1
ENG016,2023-02-09,6560,3,3,13.0,150,0,1,1440,0,2,1,0.74,0.78,0.82,0
ENG016,2023-06-20,10040,1,4,17.6,310,1,2,1580,1,4,2,0.88,0.83,0.94,1
ENG016,2023-09-14,4770,2,1,13.8,165,0,0,1450,0,1,1,0.75,0.79,0.84,0
ENG016,2024-03-06,8850,3,2,17.0,275,1,1,1510,1,3,2,0.83,0.78,0.9,1
ENG016,2024-08-30,2910,1,3,12.2,130,0,0,1395,0,0,1,0.7,0.72,0.77,0
ENG017,2021-02-04,11940,2,2,18.9,365,1,2,1605,1,5,2,0.91,0.86,0.96,1
ENG017,2021-07-01,5450,1,1,14.2,170,0,1,1470,0,2,1,0.77,0.8,0.84,0
ENG017,2022-01-20,7890,3,4,16.5,260,1,1,1500,1,3,2,0.82,0.76,0.89,1
ENG017,2022-05-31,3350,2,1,13.4,140,0,0,1425,0,0,1,0.71,0.75,0.8,0
ENG017,2022-11-25,13040,1,2,19.2,390,1,2,1620,1,6,2,0.92,0.87,0.97,1
ENG017,2023-03-06,6650,2,3,13.1,155,0,1,1440,0,2,1,0.74,0.78,0.82,0
ENG017,2023-06-27,10070,3,4,17.7,315,1,2,1585,1,4,2,0.88,0.83,0.94,1
ENG017,2023-10-05,4830,1,1,13.8,165,0,0,1450,0,1,1,0.75,0.79,0.84,0
ENG017,2024-03-15,8960,2,2,17.1,280,1,1,1520,1,3,2,0.83,0.79,0.9,1
ENG017,2024-09-02,3040,3,3,12.3,135,0,0,1400,0,0,1,0.7,0.73,0.78,0
ENG018,2021-03-09,12060,1,2,19.0,370,1,2,1600,1,5,2,0.91,0.86,0.96,1
ENG018,2021-08-05,5530,2,1,14.3,175,0,1,1480,0,2,1,0.78,0.81,0.85,0
ENG018,2022-01-29,8050,3,4,16.6,265,1,1,1505,1,3,2,0.82,0.76,0.89,1
ENG018,2022-06-20,3500,1,1,13.5,145,0,0,1420,0,0,1,0.72,0.75,0.8,0
ENG018,2022-12-16,13160,2,2,19.3,395,1,2,1625,1,6,2,0.92,0.88,0.97,1
ENG018,2023-03-27,6720,3,3,13.2,160,0,1,1445,0,2,1,0.74,0.78,0.82,0
ENG018,2023-07-15,10280,1,4,17.8,320,1,2,1580,1,4,2,0.88,0.83,0.94,1
ENG018,2023-11-06,4950,2,1,13.9,170,0,0,1460,0,1,1,0.76,0.79,0.84,0
ENG018,2024-04-01,9100,3,2,17.0,275,1,1,1510,1,3,2,0.83,0.78,0.9,1
ENG018,2024-11-11,3160,1,3,12.4,135,0,0,1395,0,0,1,0.7,0.72,0.77,0
ENG019,2021-02-12,11870,2,2,18.8,360,1,2,1600,1,5,2,0.9,0.85,0.95,1
ENG019,2021-06-28,5410,3,1,14.1,175,0,1,1480,0,2,1,0.78,0.81,0.85,0
ENG019,2021-12-15,7860,1,4,16.4,260,1,1,1500,1,3,2,0.82,0.76,0.89,1
ENG019,2022-04-24,3270,2,1,13.3,135,0,0,1420,0,0,1,0.71,0.74,0.79,0
ENG019,2022-10-08,12950,3,2,19.1,385,1,2,1620,1,6,2,0.92,0.88,0.97,1
ENG019,2023-02-18,6590,1,3,13.0,150,0,1,1440,0,2,1,0.74,0.78,0.82,0
ENG019,2023-06-29,10030,2,4,17.6,310,1,2,1580,1,4,2,0.88,0.83,0.94,1
ENG019,2023-09-21,4820,3,1,13.8,165,0,0,1450,0,1,1,0.75,0.79,0.84,0
ENG019,2024-03-10,8890,1,2,17.0,275,1,1,1510,1,3,2,0.83,0.78,0.9,1
ENG019,2024-08-25,2960,2,3,12.2,130,0,0,1395,0,0,1,0.7,0.72,0.77,0
ENG020,2021-01-31,11810,1,2,18.8,360,1,2,1600,1,5,2,0.9,0.85,0.95,1
ENG020,2021-06-13,5360,2,1,14.1,175,0,1,1480,0,2,1,0.78,0.81,0.85,0
ENG020,2021-12-17,7800,3,4,16.4,260,1,1,1500,1,3,2,0.82,0.76,0.89,1
ENG020,2022-04-27,3220,1,1,13.3,135,0,0,1420,0,0,1,0.71,0.74,0.79,0
ENG020,2022-10-12,12910,2,2,19.1,385,1,2,1620,1,6,2,0.92,0.88,0.97,1
ENG020,2023-02-08,6550,3,3,13.0,150,0,1,1440,0,2,1,0.74,0.78,0.82,0
ENG020,2023-06-22,10020,1,4,17.6,310,1,2,1580,1,4,2,0.88,0.83,0.94,1
ENG020,2023-09-16,4760,2,1,13.8,165,0,0,1450,0,1,1,0.75,0.79,0.84,0
ENG020,2024-03-05,8840,3,2,17.0,275,1,1,1510,1,3,2,0.83,0.78,0.9,1
ENG020,2024-08-29,2900,1,3,12.2,130,0,0,1395,0,0,1,0.7,0.72,0.77,0
ENG021,2021-02-06,11930,2,2,18.9,365,1,2,1605,1,5,2,0.91,0.86,0.96,1
ENG021,2021-07-10,5440,1,1,14.2,170,0,1,1470,0,2,1,0.77,0.8,0.84,0
ENG021,2022-01-18,7880,3,4,16.5,260,1,1,1500,1,3,2,0.82,0.76,0.89,1
ENG021,2022-05-26,3340,2,1,13.4,140,0,0,1425,0,0,1,0.71,0.75,0.8,0
ENG021,2022-11-23,13030,1,2,19.2,390,1,2,1620,1,6,2,0.92,0.87,0.97,1
ENG021,2023-03-03,6640,2,3,13.1,155,0,1,1440,0,2,1,0.74,0.78,0.82,0
ENG021,2023-06-24,10060,3,4,17.7,315,1,2,1585,1,4,2,0.88,0.83,0.94,1
ENG021,2023-10-04,4820,1,1,13.8,165,0,0,1450,0,1,1,0.75,0.79,0.84,0
ENG021,2024-03-12,8950,2,2,17.1,280,1,1,1520,1,3,2,0.83,0.79,0.9,1
ENG021,2024-09-01,3030,3,3,12.3,135,0,0,1400,0,0,1,0.7,0.73,0.78,0
ENG022,2021-03-12,12070,1,2,19.0,370,1,2,1600,1,5,2,0.91,0.86,0.96,1
ENG022,2021-08-06,5540,2,1,14.3,175,0,1,1480,0,2,1,0.78,0.81,0.85,0
ENG022,2022-01-30,8060,3,4,16.6,265,1,1,1505,1,3,2,0.82,0.76,0.89,1
ENG022,2022-06-21,3510,1,1,13.5,145,0,0,1420,0,0,1,0.72,0.75,0.8,0
ENG022,2022-12-17,13170,2,2,19.3,395,1,2,1625,1,6,2,0.92,0.88,0.97,1
ENG022,2023-03-28,6730,3,3,13.2,160,0,1,1445,0,2,1,0.74,0.78,0.82,0
ENG022,2023-07-16,10290,1,4,17.8,320,1,2,1580,1,4,2,0.88,0.83,0.94,1
ENG022,2023-11-07,4960,2,1,13.9,170,0,0,1460,0,1,1,0.76,0.79,0.84,0
ENG022,2024-04-02,9110,3,2,17.0,275,1,1,1510,1,3,2,0.83,0.78,0.9,1
ENG022,2024-11-12,3170,1,3,12.4,135,0,0,1395,0,0,1,0.7,0.72,0.77,0
ENG023,2021-02-10,11890,2,2,18.8,360,1,2,1600,1,5,2,0.9,0.85,0.95,1
ENG023,2021-06-29,5420,3,1,14.1,175,0,1,1480,0,2,1,0.78,0.81,0.85,0
ENG023,2021-12-16,7870,1,4,16.4,260,1,1,1500,1,3,2,0.82,0.76,0.89,1
ENG023,2022-04-25,3280,2,1,13.3,135,0,0,1420,0,0,1,0.71,0.74,0.79,0
ENG023,2022-10-09,12960,3,2,19.1,385,1,2,1620,1,6,2,0.92,0.88,0.97,1
ENG023,2023-02-19,6600,1,3,13.0,150,0,1,1440,0,2,1,0.74,0.78,0.82,0
ENG023,2023-06-30,10040,2,4,17.6,310,1,2,1580,1,4,2,0.88,0.83,0.94,1
ENG023,2023-09-22,4830,3,1,13.8,165,0,0,1450,0,1,1,0.75,0.79,0.84,0
ENG023,2024-03-11,8900,1,2,17.0,275,1,1,1510,1,3,2,0.83,0.78,0.9,1
ENG023,2024-08-26,2970,2,3,12.2,130,0,0,1395,0,0,1,0.7,0.72,0.77,0
ENG024,2021-01-30,11800,1,2,18.8,360,1,2,1600,1,5,2,0.9,0.85,0.95,1
ENG024,2021-06-12,5350,2,1,14.1,175,0,1,1480,0,2,1,0.78,0.81,0.85,0
ENG024,2021-12-18,7810,3,4,16.4,260,1,1,1500,1,3,2,0.82,0.76,0.89,1
ENG024,2022-04-28,3230,1,1,13.3,135,0,0,1420,0,0,1,0.71,0.74,0.79,0
ENG024,2022-10-13,12920,2,2,19.1,385,1,2,1620,1,6,2,0.92,0.88,0.97,1
ENG024,2023-02-07,6540,3,3,13.0,150,0,1,1440,0,2,1,0.74,0.78,0.82,0
ENG024,2023-06-21,10010,1,4,17.6,310,1,2,1580,1,4,2,0.88,0.83,0.94,1
ENG024,2023-09-15,4750,2,1,13.8,165,0,0,1450,0,1,1,0.75,0.79,0.84,0
ENG024,2024-03-04,8830,3,2,17.0,275,1,1,1510,1,3,2,0.83,0.78,0.9,1
ENG024,2024-08-28,2890,1,3,12.2,130,0,0,1395,0,0,1,0.7,0.72,0.77,0
ENG025,2021-02-14,11950,2,2,18.9,365,1,2,1605,1,5,2,0.91,0.86,0.96,1
ENG025,2021-07-07,5450,1,1,14.2,170,0,1,1470,0,2,1,0.77,0.8,0.84,0
ENG025,2022-01-22,7890,3,4,16.5,260,1,1,1500,1,3,2,0.82,0.76,0.89,1
ENG025,2022-05-28,3360,2,1,13.4,140,0,0,1425,0,0,1,0.71,0.75,0.8,0
ENG025,2022-11-24,13050,1,2,19.2,390,1,2,1620,1,6,2,0.92,0.87,0.97,1
ENG025,2023-03-08,6660,2,3,13.1,155,0,1,1440,0,2,1,0.74,0.78,0.82,0
ENG025,2023-06-30,10090,3,4,17.7,315,1,2,1585,1,4,2,0.88,0.83,0.94,1
ENG025,2023-10-06,4840,1,1,13.8,165,0,0,1450,0,1,1,0.75,0.79,0.84,0
ENG025,2024-03-17,8970,2,2,17.1,280,1,1,1520,1,3,2,0.83,0.79,0.9,1
ENG025,2024-09-05,3050,3,3,12.3,135,0,0,1400,0,0,1,0.7,0.73,0.78,0
ENG026,2021-03-15,12080,1,2,19.0,370,1,2,1600,1,5,2,0.91,0.86,0.96,1
ENG026,2021-08-02,5510,2,1,14.3,175,0,1,1480,0,2,1,0.78,0.81,0.85,0
ENG026,2022-01-13,8020,3,4,16.6,265,1,1,1505,1,3,2,0.82,0.76,0.89,1
ENG026,2022-06-24,3450,1,1,13.5,145,0,0,1420,0,0,1,0.72,0.75,0.8,0
ENG026,2022-12-08,13110,2,2,19.3,395,1,2,1625,1,6,2,0.92,0.88,0.97,1
ENG026,2023-03-16,6700,3,3,13.2,160,0,1,1445,0,2,1,0.74,0.78,0.82,0
ENG026,2023-07-07,10220,1,4,17.8,320,1,2,1580,1,4,2,0.88,0.83,0.94,1
ENG026,2023-10-19,4900,2,1,13.9,170,0,0,1460,0,1,1,0.76,0.79,0.84,0
ENG026,2024-04-10,9050,3,2,17.0,275,1,1,1510,1,3,2,0.83,0.78,0.9,1
ENG026,2024-11-02,3100,1,3,12.4,135,0,0,1395,0,0,1,0.7,0.72,0.77,0
ENG027,2021-02-18,11920,2,2,18.9,365,1,2,1605,1,5,2,0.91,0.86,0.96,1
ENG027,2021-07-09,5430,1,1,14.2,170,0,1,1470,0,2,1,0.77,0.8,0.84,0
ENG027,2022-01-26,7880,3,4,16.5,260,1,1,1500,1,3,2,0.82,0.76,0.89,1
ENG027,2022-05-30,3340,2,1,13.4,140,0,0,1425,0,0,1,0.71,0.75,0.8,0
ENG027,2022-11-27,13030,1,2,19.2,390,1,2,1620,1,6,2,0.92,0.87,0.97,1
ENG027,2023-03-09,6640,2,3,13.1,155,0,1,1440,0,2,1,0.74,0.78,0.82,0
ENG027,2023-06-28,10060,3,4,17.7,315,1,2,1585,1,4,2,0.88,0.83,0.94,1
ENG027,2023-10-03,4820,1,1,13.8,165,0,0,1450,0,1,1,0.75,0.79,0.84,0
ENG027,2024-03-14,8950,2,2,17.1,280,1,1,1520,1,3,2,0.83,0.79,0.9,1
ENG027,2024-09-03,3030,3,3,12.3,135,0,0,1400,0,0,1,0.7,0.73,0.78,0
ENG028,2021-03-10,12060,1,2,19.0,370,1,2,1600,1,5,2,0.91,0.86,0.96,1
ENG028,2021-08-04,5530,2,1,14.3,175,0,1,1480,0,2,1,0.78,0.81,0.85,0
ENG028,2022-01-28,8050,3,4,16.6,265,1,1,1505,1,3,2,0.82,0.76,0.89,1
ENG028,2022-06-22,3500,1,1,13.5,145,0,0,1420,0,0,1,0.72,0.75,0.8,0
ENG028,2022-12-15,13160,2,2,19.3,395,1,2,1625,1,6,2,0.92,0.88,0.97,1
ENG028,2023-03-26,6720,3,3,13.2,160,0,1,1445,0,2,1,0.74,0.78,0.82,0
ENG028,2023-07-14,10280,1,4,17.8,320,1,2,1580,1,4,2,0.88,0.83,0.94,1
ENG028,2023-11-05,4950,2,1,13.9,170,0,0,1460,0,1,1,0.76,0.79,0.84,0
ENG028,2024-03-31,9100,3,2,17.0,275,1,1,1510,1,3,2,0.83,0.78,0.9,1
ENG028,2024-11-13,3160,1,3,12.4,135,0,0,1395,0,0,1,0.7,0.72,0.77,0
ENG029,2021-02-20,11980,2,2,18.9,365,1,2,1605,1,5,2,0.91,0.86,0.96,1
ENG029,2021-07-12,5460,1,1,14.2,170,0,1,1470,0,2,1,0.77,0.8,0.84,0
ENG029,2022-01-31,7900,3,4,16.5,260,1,1,1500,1,3,2,0.82,0.76,0.89,1
ENG029,2022-06-04,3370,2,1,13.4,140,0,0,1425,0,0,1,0.71,0.75,0.8,0
ENG029,2022-11-29,13070,1,2,19.2,390,1,2,1620,1,6,2,0.92,0.87,0.97,1
ENG029,2023-03-11,6670,2,3,13.1,155,0,1,1440,0,2,1,0.74,0.78,0.82,0
ENG029,2023-07-01,10110,3,4,17.7,315,1,2,1585,1,4,2,0.88,0.83,0.94,1
ENG029,2023-10-11,4860,1,1,13.8,165,0,0,1450,0,1,1,0.75,0.79,0.84,0
ENG029,2024-03-20,8940,2,2,17.1,280,1,1,1520,1,3,2,0.83,0.79,0.9,1
ENG029,2024-09-09,3030,3,3,12.3,135,0,0,1400,0,0,1,0.7,0.73,0.78,0
ENG030,2021-03-18,12090,1,2,19.0,370,1,2,1600,1,5,2,0.91,0.86,0.96,1
ENG030,2021-08-08,5520,2,1,14.3,175,0,1,1480,0,2,1,0.78,0.81,0.85,0
ENG030,2022-01-17,8030,3,4,16.6,265,1,1,1505,1,3,2,0.82,0.76,0.89,1
ENG030,2022-06-25,3460,1,1,13.5,145,0,0,1420,0,0,1,0.72,0.75,0.8,0
ENG030,2022-12-10,13120,2,2,19.3,395,1,2,1625,1,6,2,0.92,0.88,0.97,1
ENG030,2023-03-19,6690,3,3,13.2,160,0,1,1445,0,2,1,0.74,0.78,0.82,0
ENG030,2023-07-10,10240,1,4,17.8,320,1,2,1580,1,4,2,0.88,0.83,0.94,1
ENG030,2023-10-31,4890,2,1,13.9,170,0,0,1460,0,1,1,0.76,0.79,0.84,0
ENG030,2024-04-13,9070,3,2,17.0,275,1,1,1510,1,3,2,0.83,0.78,0.9,1
ENG030,2024-11-04,3120,1,3,12.4,135,0,0,1395,0,0,1,0.7,0.72,0.77,0
ENG031,2021-02-16,11910,2,2,18.8,360,1,2,1600,1,5,2,0.9,0.85,0.95,1
ENG031,2021-06-30,5400,3,1,14.1,175,0,1,1480,0,2,1,0.78,0.81,0.85,0
ENG031,2021-12-14,7850,1,4,16.4,260,1,1,1500,1,3,2,0.82,0.76,0.89,1
ENG031,2022-04-23,3260,2,1,13.3,135,0,0,1420,0,0,1,0.71,0.74,0.79,0
ENG031,2022-10-06,12940,3,2,19.1,385,1,2,1620,1,6,2,0.92,0.88,0.97,1
ENG031,2023-02-16,6580,1,3,13.0,150,0,1,1440,0,2,1,0.74,0.78,0.82,0
ENG031,2023-06-25,10030,2,4,17.6,310,1,2,1580,1,4,2,0.88,0.83,0.94,1
ENG031,2023-09-20,4810,3,1,13.8,165,0,0,1450,0,1,1,0.75,0.79,0.84,0
ENG031,2024-03-09,8880,1,2,17.0,275,1,1,1510,1,3,2,0.83,0.78,0.9,1
ENG031,2024-08-24,2950,2,3,12.2,130,0,0,1395,0,0,1,0.7,0.72,0.77,0
ENG032,2021-01-29,11800,1,2,18.8,360,1,2,1600,1,5,2,0.9,0.85,0.95,1
ENG032,2021-06-11,5360,2,1,14.1,175,0,1,1480,0,2,1,0.78,0.81,0.85,0
ENG032,2021-12-17,7800,3,4,16.4,260,1,1,1500,1,3,2,0.82,0.76,0.89,1
ENG032,2022-04-27,3220,1,1,13.3,135,0,0,1420,0,0,1,0.71,0.74,0.79,0
ENG032,2022-10-12,12910,2,2,19.1,385,1,2,1620,1,6,2,0.92,0.88,0.97,1
ENG032,2023-02-08,6550,3,3,13.0,150,0,1,1440,0,2,1,0.74,0.78,0.82,0
ENG032,2023-06-22,10020,1,4,17.6,310,1,2,1580,1,4,2,0.88,0.83,0.94,1
ENG032,2023-09-16,4760,2,1,13.8,165,0,0,1450,0,1,1,0.75,0.79,0.84,0
ENG032,2024-03-05,8840,3,2,17.0,275,1,1,1510,1,3,2,0.83,0.78,0.9,1
ENG032,2024-08-29,2900,1,3,12.2,130,0,0,1395,0,0,1,0.7,0.72,0.77,0
ENG033,2021-02-03,11890,2,2,18.8,360,1,2,1600,1,5,2,0.9,0.85,0.95,1
ENG033,2021-06-15,5400,3,1,14.1,175,0,1,1480,0,2,1,0.78,0.81,0.85,0
ENG033,2021-12-20,7840,1,4,16.4,260,1,1,1500,1,3,2,0.82,0.76,0.89,1
ENG033,2022-04-29,3290,2,1,13.3,135,0,0,1420,0,0,1,0.71,0.74,0.79,0
ENG033,2022-10-14,12970,3,2,19.1,385,1,2,1620,1,6,2,0.92,0.88,0.97,1
ENG033,2023-02-11,6610,1,3,13.0,150,0,1,1440,0,2,1,0.74,0.78,0.82,0
ENG033,2023-06-23,10080,2,4,17.6,310,1,2,1580,1,4,2,0.88,0.83,0.94,1
ENG033,2023-09-17,4790,3,1,13.8,165,0,0,1450,0,1,1,0.75,0.79,0.84,0
ENG033,2024-03-07,8860,1,2,17.0,275,1,1,1510,1,3,2,0.83,0.78,0.9,1
ENG033,2024-08-22,2920,2,3,12.2,130,0,0,1395,0,0,1,0.7,0.72,0.77,0
ENG034,2021-03-01,12040,1,2,19.0,370,1,2,1600,1,5,2,0.91,0.86,0.96,1
ENG034,2021-07-29,5490,2,1,14.3,175,0,1,1480,0,2,1,0.78,0.81,0.85,0
ENG034,2022-01-09,8000,3,4,16.6,265,1,1,1505,1,3,2,0.82,0.76,0.89,1
ENG034,2022-06-18,3430,1,1,13.5,145,0,0,1420,0,0,1,0.72,0.75,0.8,0
ENG034,2022-12-03,13090,2,2,19.3,395,1,2,1625,1,6,2,0.92,0.88,0.97,1
ENG034,2023-03-13,6670,3,3,13.2,160,0,1,1445,0,2,1,0.74,0.78,0.82,0
ENG034,2023-07-04,10200,1,4,17.8,320,1,2,1580,1,4,2,0.88,0.83,0.94,1
ENG034,2023-10-16,4860,2,1,13.9,170,0,0,1460,0,1,1,0.76,0.79,0.84,0
ENG034,2024-04-08,9040,3,2,17.0,275,1,1,1510,1,3,2,0.83,0.78,0.9,1
ENG034,2024-10-31,3090,1,3,12.4,135,0,0,1395,0,0,1,0.7,0.72,0.77,0
ENG035,2021-02-11,11920,2,2,18.9,365,1,2,1605,1,5,2,0.91,0.86,0.96,1
ENG035,2021-06-27,5430,1,1,14.2,170,0,1,1470,0,2,1,0.77,0.8,0.84,0
ENG035,2021-12-13,7870,3,4,16.5,260,1,1,1500,1,3,2,0.82,0.76,0.89,1
ENG035,2022-04-22,3270,2,1,13.3,135,0,0,1420,0,0,1,0.71,0.74,0.79,0
ENG035,2022-10-07,12950,1,2,19.1,385,1,2,1620,1,6,2,0.92,0.88,0.97,1
ENG035,2023-02-15,6590,3,3,13.0,150,0,1,1440,0,2,1,0.74,0.78,0.82,0
ENG035,2023-06-26,10030,1,4,17.6,310,1,2,1580,1,4,2,0.88,0.83,0.94,1
ENG035,2023-09-19,4820,2,1,13.8,165,0,0,1450,0,1,1,0.75,0.79,0.84,0
ENG035,2024-03-08,8890,3,2,17.0,275,1,1,1510,1,3,2,0.83,0.78,0.9,1
ENG035,2024-08-23,2960,1,3,12.2,130,0,0,1395,0,0,1,0.7,0.72,0.77,0
ENG036,2021-01-28,11800,1,2,18.8,360,1,2,1600,1,5,2,0.9,0.85,0.95,1
ENG036,2021-06-10,5360,2,1,14.1,175,0,1,1480,0,2,1,0.78,0.81,0.85,0
ENG036,2021-12-16,7800,3,4,16.4,260,1,1,1500,1,3,2,0.82,0.76,0.89,1
ENG036,2022-04-26,3220,1,1,13.3,135,0,0,1420,0,0,1,0.71,0.74,0.79,0
ENG036,2022-10-11,12910,2,2,19.1,385,1,2,1620,1,6,2,0.92,0.88,0.97,1
ENG036,2023-02-06,6550,3,3,13.0,150,0,1,1440,0,2,1,0.74,0.78,0.82,0
ENG036,2023-06-20,10020,1,4,17.6,310,1,2,1580,1,4,2,0.88,0.83,0.94,1
ENG036,2023-09-14,4760,2,1,13.8,165,0,0,1450,0,1,1,0.75,0.79,0.84,0
ENG036,2024-03-04,8840,3,2,17.0,275,1,1,1510,1,3,2,0.83,0.78,0.9,1
ENG036,2024-08-28,2900,1,3,12.2,130,0,0,1395,0,0,1,0.7,0.72,0.77,0
ENG037,2021-02-05,11820,1,2,18.8,360,1,2,1600,1,5,2,0.9,0.85,0.95,1
ENG037,2021-06-18,5370,2,1,14.1,175,0,1,1480,0,2,1,0.78,0.81,0.85,0
ENG037,2021-12-21,7810,3,4,16.4,260,1,1,1500,1,3,2,0.82,0.76,0.89,1
ENG037,2022-04-30,3230,1,1,13.3,135,0,0,1420,0,0,1,0.71,0.74,0.79,0
ENG037,2022-10-16,12900,2,2,19.1,385,1,2,1620,1,6,2,0.92,0.88,0.97,1
ENG037,2023-02-07,6560,3,3,13.0,150,0,1,1440,0,2,1,0.74,0.78,0.82,0
ENG037,2023-06-19,10040,1,4,17.6,310,1,2,1580,1,4,2,0.88,0.83,0.94,1
ENG037,2023-09-13,4770,2,1,13.8,165,0,0,1450,0,1,1,0.75,0.79,0.84,0
ENG037,2024-03-02,8850,3,2,17.0,275,1,1,1510,1,3,2,0.83,0.78,0.9,1
ENG037,2024-08-27,2910,1,3,12.2,130,0,0,1395,0,0,1,0.7,0.72,0.77,0
ENG038,2021-03-06,12050,1,2,19.0,370,1,2,1600,1,5,2,0.91,0.86,0.96,1
ENG038,2021-08-03,5520,2,1,14.3,175,0,1,1480,0,2,1,0.78,0.81,0.85,0
ENG038,2022-01-25,8040,3,4,16.6,265,1,1,1505,1,3,2,0.82,0.76,0.89,1
ENG038,2022-06-19,3490,1,1,13.5,145,0,0,1420,0,0,1,0.72,0.75,0.8,0
ENG038,2022-12-11,13140,2,2,19.3,395,1,2,1625,1,6,2,0.92,0.88,0.97,1
ENG038,2023-03-21,6730,3,3,13.2,160,0,1,1445,0,2,1,0.74,0.78,0.82,0
ENG038,2023-07-12,10260,1,4,17.8,320,1,2,1580,1,4,2,0.88,0.83,0.94,1
ENG038,2023-11-02,4930,2,1,13.9,170,0,0,1460,0,1,1,0.76,0.79,0.84,0
ENG038,2024-03-28,9080,3,2,17.0,275,1,1,1510,1,3,2,0.83,0.78,0.9,1
ENG038,2024-11-14,3140,1,3,12.4,135,0,0,1395,0,0,1,0.7,0.72,0.77,0
ENG039,2021-02-09,11870,2,2,18.8,360,1,2,1600,1,5,2,0.9,0.85,0.95,1
ENG039,2021-06-26,5410,3,1,14.1,175,0,1,1480,0,2,1,0.78,0.81,0.85,0
ENG039,2021-12-12,7860,1,4,16.4,260,1,1,1500,1,3,2,0.82,0.76,0.89,1
ENG039,2022-04-23,3270,2,1,13.3,135,0,0,1420,0,0,1,0.71,0.74,0.79,0
ENG039,2022-10-05,12950,3,2,19.1,385,1,2,1620,1,6,2,0.92,0.88,0.97,1
ENG039,2023-02-14,6590,1,3,13.0,150,0,1,1440,0,2,1,0.74,0.78,0.82,0
ENG039,2023-06-27,10030,2,4,17.6,310,1,2,1580,1,4,2,0.88,0.83,0.94,1
ENG039,2023-09-18,4820,3,1,13.8,165,0,0,1450,0,1,1,0.75,0.79,0.84,0
ENG039,2024-03-06,8890,1,2,17.0,275,1,1,1510,1,3,2,0.83,0.78,0.9,1
ENG039,2024-08-21,2960,2,3,12.2,130,0,0,1395,0,0,1,0.7,0.72,0.77,0
ENG040,2021-01-27,11800,1,2,18.8,360,1,2,1600,1,5,2,0.9,0.85,0.95,1
ENG040,2021-06-09,5360,2,1,14.1,175,0,1,1480,0,2,1,0.78,0.81,0.85,0
ENG040,2021-12-15,7800,3,4,16.4,260,1,1,1500,1,3,2,0.82,0.76,0.89,1
ENG040,2022-04-26,3220,1,1,13.3,135,0,0,1420,0,0,1,0.71,0.74,0.79,0
ENG040,2022-10-10,12910,2,2,19.1,385,1,2,1620,1,6,2,0.92,0.88,0.97,1
ENG040,2023-02-05,6550,3,3,13.0,150,0,1,1440,0,2,1,0.74,0.78,0.82,0
ENG040,2023-06-19,10020,1,4,17.6,310,1,2,1580,1,4,2,0.88,0.83,0.94,1
ENG040,2023-09-12,4760,2,1,13.8,165,0,0,1450,0,1,1,0.75,0.79,0.84,0
ENG040,2024-03-01,8840,3,2,17.0,275,1,1,1510,1,3,2,0.83,0.78,0.9,1
ENG040,2024-08-26,2900,1,3,12.2,130,0,0,1395,0,0,1,0.7,0.72,0.77,0
ENG041,2021-02-13,11940,2,2,18.9,365,1,2,1605,1,5,2,0.91,0.86,0.96,1
ENG041,2021-07-06,5450,1,1,14.2,170,0,1,1470,0,2,1,0.77,0.8,0.84,0
ENG041,2022-01-23,7890,3,4,16.5,260,1,1,1500,1,3,2,0.82,0.76,0.89,1
ENG041,2022-05-29,3360,2,1,13.4,140,0,0,1425,0,0,1,0.71,0.75,0.8,0
ENG041,2022-11-26,13050,1,2,19.2,390,1,2,1620,1,6,2,0.92,0.87,0.97,1
ENG041,2023-03-10,6660,2,3,13.1,155,0,1,1440,0,2,1,0.74,0.78,0.82,0
ENG041,2023-06-29,10090,3,4,17.7,315,1,2,1585,1,4,2,0.88,0.83,0.94,1
ENG041,2023-10-07,4840,1,1,13.8,165,0,0,1450,0,1,1,0.75,0.79,0.84,0
ENG041,2024-03-16,8970,2,2,17.1,280,1,1,1520,1,3,2,0.83,0.79,0.9,1
ENG041,2024-09-04,3050,3,3,12.3,135,0,0,1400,0,0,1,0.7,0.73,0.78,0
ENG042,2021-03-17,12090,1,2,19.0,370,1,2,1600,1,5,2,0.91,0.86,0.96,1
ENG042,2021-08-07,5520,2,1,14.3,175,0,1,1480,0,2,1,0.78,0.81,0.85,0
ENG042,2022-01-16,8030,3,4,16.6,265,1,1,1505,1,3,2,0.82,0.76,0.89,1
ENG042,2022-06-24,3460,1,1,13.5,145,0,0,1420,0,0,1,0.72,0.75,0.8,0
ENG042,2022-12-09,13120,2,2,19.3,395,1,2,1625,1,6,2,0.92,0.88,0.97,1
ENG042,2023-03-18,6690,3,3,13.2,160,0,1,1445,0,2,1,0.74,0.78,0.82,0
ENG042,2023-07-09,10240,1,4,17.8,320,1,2,1580,1,4,2,0.88,0.83,0.94,1
ENG042,2023-10-30,4890,2,1,13.9,170,0,0,1460,0,1,1,0.76,0.79,0.84,0
ENG042,2024-04-12,9070,3,2,17.0,275,1,1,1510,1,3,2,0.83,0.78,0.9,1
ENG042,2024-11-03,3120,1,3,12.4,135,0,0,1395,0,0,1,0.7,0.72,0.77,0
ENG043,2021-02-19,11970,2,2,18.9,365,1,2,1605,1,5,2,0.91,0.86,0.96,1
ENG043,2021-07-11,5460,1,1,14.2,170,0,1,1470,0,2,1,0.77,0.8,0.84,0
ENG043,2022-01-30,7900,3,4,16.5,260,1,1,1500,1,3,2,0.82,0.76,0.89,1
ENG043,2022-06-03,3370,2,1,13.4,140,0,0,1425,0,0,1,0.71,0.75,0.8,0
ENG043,2022-11-28,13070,1,2,19.2,390,1,2,1620,1,6,2,0.92,0.87,0.97,1
ENG043,2023-03-12,6670,2,3,13.1,155,0,1,1440,0,2,1,0.74,0.78,0.82,0
ENG043,2023-06-30,10110,3,4,17.7,315,1,2,1585,1,4,2,0.88,0.83,0.94,1
ENG043,2023-10-10,4860,1,1,13.8,165,0,0,1450,0,1,1,0.75,0.79,0.84,0
ENG043,2024-03-19,8940,2,2,17.1,280,1,1,1520,1,3,2,0.83,0.79,0.9,1
ENG043,2024-09-08,3030,3,3,12.3,135,0,0,1400,0,0,1,0.7,0.73,0.78,0
ENG044,2021-03-20,12100,1,2,19.0,370,1,2,1600,1,5,2,0.91,0.86,0.96,1
ENG044,2021-08-09,5530,2,1,14.3,175,0,1,1480,0,2,1,0.78,0.81,0.85,0
ENG044,2022-01-18,8040,3,4,16.6,265,1,1,1505,1,3,2,0.82,0.76,0.89,1
ENG044,2022-06-26,3500,1,1,13.5,145,0,0,1420,0,0,1,0.72,0.75,0.8,0
ENG044,2022-12-12,13160,2,2,19.3,395,1,2,1625,1,6,2,0.92,0.88,0.97,1
ENG044,2023-03-25,6720,3,3,13.2,160,0,1,1445,0,2,1,0.74,0.78,0.82,0
ENG044,2023-07-13,10280,1,4,17.8,320,1,2,1580,1,4,2,0.88,0.83,0.94,1
ENG044,2023-11-04,4950,2,1,13.9,170,0,0,1460,0,1,1,0.76,0.79,0.84,0
ENG044,2024-03-30,9100,3,2,17.0,275,1,1,1510,1,3,2,0.83,0.78,0.9,1
ENG044,2024-11-15,3160,1,3,12.4,135,0,0,1395,0,0,1,0.7,0.72,0.77,0
ENG045,2021-02-21,11990,2,2,18.9,365,1,2,1605,1,5,2,0.91,0.86,0.96,1
ENG045,2021-07-13,5470,1,1,14.2,170,0,1,1470,0,2,1,0.77,0.8,0.84,0
ENG045,2022-02-01,7910,3,4,16.5,260,1,1,1500,1,3,2,0.82,0.76,0.89,1
ENG045,2022-06-05,3380,2,1,13.4,140,0,0,1425,0,0,1,0.71,0.75,0.8,0
ENG045,2022-12-01,13080,1,2,19.2,390,1,2,1620,1,6,2,0.92,0.87,0.97,1
ENG045,2023-03-14,6680,2,3,13.1,155,0,1,1440,0,2,1,0.74,0.78,0.82,0
ENG045,2023-07-03,10120,3,4,17.7,315,1,2,1585,1,4,2,0.88,0.83,0.94,1
ENG045,2023-10-12,4870,1,1,13.8,165,0,0,1450,0,1,1,0.75,0.79,0.84,0
ENG045,2024-03-22,8980,2,2,17.1,280,1,1,1520,1,3,2,0.83,0.79,0.9,1
ENG045,2024-09-11,3060,3,3,12.3,135,0,0,1400,0,0,1,0.7,0.73,0.78,0
ENG046,2021-03-04,12070,1,2,19.0,370,1,2,1600,1,5,2,0.91,0.86,0.96,1
ENG046,2021-08-01,5510,2,1,14.3,175,0,1,1480,0,2,1,0.78,0.81,0.85,0
ENG046,2022-01-12,8020,3,4,16.6,265,1,1,1505,1,3,2,0.82,0.76,0.89,1
ENG046,2022-06-23,3450,1,1,13.5,145,0,0,1420,0,0,1,0.72,0.75,0.8,0
ENG046,2022-12-07,13100,2,2,19.3,395,1,2,1625,1,6,2,0.92,0.88,0.97,1
ENG046,2023-03-17,6680,3,3,13.2,160,0,1,1445,0,2,1,0.74,0.78,0.82,0
ENG046,2023-07-08,10210,1,4,17.8,320,1,2,1580,1,4,2,0.88,0.83,0.94,1
ENG046,2023-10-20,4870,2,1,13.9,170,0,0,1460,0,1,1,0.76,0.79,0.84,0
ENG046,2024-04-11,9060,3,2,17.0,275,1,1,1510,1,3,2,0.83,0.78,0.9,1
ENG046,2024-11-02,3110,1,3,12.4,135,0,0,1395,0,0,1,0.7,0.72,0.77,0
ENG047,2021-02-15,11930,2,2,18.9,365,1,2,1605,1,5,2,0.91,0.86,0.96,1
ENG047,2021-07-05,5440,1,1,14.2,170,0,1,1470,0,2,1,0.77,0.8,0.84,0
ENG047,2022-01-21,7880,3,4,16.5,260,1,1,1500,1,3,2,0.82,0.76,0.89,1
ENG047,2022-05-30,3340,2,1,13.4,140,0,0,1425,0,0,1,0.71,0.75,0.8,0
ENG047,2022-11-23,13030,1,2,19.2,390,1,2,1620,1,6,2,0.92,0.87,0.97,1
ENG047,2023-03-05,6640,2,3,13.1,155,0,1,1440,0,2,1,0.74,0.78,0.82,0
ENG047,2023-06-28,10060,3,4,17.7,315,1,2,1585,1,4,2,0.88,0.83,0.94,1
ENG047,2023-10-02,4820,1,1,13.8,165,0,0,1450,0,1,1,0.75,0.79,0.84,0
ENG047,2024-03-13,8950,2,2,17.1,280,1,1,1520,1,3,2,0.83,0.79,0.9,1
ENG047,2024-08-31,3030,3,3,12.3,135,0,0,1400,0,0,1,0.7,0.73,0.78,0
ENG048,2021-03-02,12040,1,2,19.0,370,1,2,1600,1,5,2,0.91,0.86,0.96,1
ENG048,2021-07-28,5490,2,1,14.3,175,0,1,1480,0,2,1,0.78,0.81,0.85,0
ENG048,2022-01-10,8000,3,4,16.6,265,1,1,1505,1,3,2,0.82,0.76,0.89,1
ENG048,2022-06-17,3430,1,1,13.5,145,0,0,1420,0,0,1,0.72,0.75,0.8,0
ENG048,2022-12-04,13090,2,2,19.3,395,1,2,1625,1,6,2,0.92,0.88,0.97,1
ENG048,2023-03-14,6670,3,3,13.2,160,0,1,1445,0,2,1,0.74,0.78,0.82,0
ENG048,2023-07-03,10200,1,4,17.8,320,1,2,1580,1,4,2,0.88,0.83,0.94,1
ENG048,2023-10-15,4860,2,1,13.9,170,0,0,1460,0,1,1,0.76,0.79,0.84,0
ENG048,2024-04-07,9040,3,2,17.0,275,1,1,1510,1,3,2,0.83,0.78,0.9,1
ENG048,2024-10-30,3090,1,3,12.4,135,0,0,1395,0,0,1,0.7,0.72,0.77,0
ENG049,2021-02-22,11980,2,2,18.9,365,1,2,1605,1,5,2,0.91,0.86,0.96,1
ENG049,2021-07-14,5460,1,1,14.2,170,0,1,1470,0,2,1,0.77,0.8,0.84,0
ENG049,2022-02-02,7900,3,4,16.5,260,1,1,1500,1,3,2,0.82,0.76,0.89,1
ENG049,2022-06-06,3370,2,1,13.4,140,0,0,1425,0,0,1,0.71,0.75,0.8,0
ENG049,2022-12-02,13070,1,2,19.2,390,1,2,1620,1,6,2,0.92,0.87,0.97,1
ENG049,2023-03-15,6670,2,3,13.1,155,0,1,1440,0,2,1,0.74,0.78,0.82,0
ENG049,2023-07-04,10110,3,4,17.7,315,1,2,1585,1,4,2,0.88,0.83,0.94,1
ENG049,2023-10-13,4860,1,1,13.8,165,0,0,1450,0,1,1,0.75,0.79,0.84,0
ENG049,2024-03-23,8940,2,2,17.1,280,1,1,1520,1,3,2,0.83,0.79,0.9,1
ENG049,2024-09-12,3030,3,3,12.3,135,0,0,1400,0,0,1,0.7,0.73,0.78,0
ENG050,2021-03-05,12060,1,2,19.0,370,1,2,1600,1,5,2,0.91,0.86,0.96,1
ENG050,2021-08-02,5530,2,1,14.3,175,0,1,1480,0,2,1,0.78,0.81,0.85,0
ENG050,2022-01-26,8050,3,4,16.6,265,1,1,1505,1,3,2,0.82,0.76,0.89,1
ENG050,2022-06-21,3500,1,1,13.5,145,0,0,1420,0,0,1,0.72,0.75,0.8,0
ENG050,2022-12-13,13160,2,2,19.3,395,1,2,1625,1,6,2,0.92,0.88,0.97,1
ENG050,2023-03-24,6720,3,3,13.2,160,0,1,1445,0,2,1,0.74,0.78,0.82,0
ENG050,2023-07-11,10280,1,4,17.8,320,1,2,1580,1,4,2,0.88,0.83,0.94,1
ENG050,2023-11-03,4950,2,1,13.9,170,0,0,1460,0,1,1,0.76,0.79,0.84,0
ENG050,2024-03-29,9100,3,2,17.0,275,1,1,1510,1,3,2,0.83,0.78,0.9,1
ENG050,2024-11-16,3160,1,3,12.4,135,0,0,1395,0,0,1,0.7,0.72,0.77,0
